1278399434955599873
1278399684093120513
1278399749926912000
1278429770896850945
1278430260443430922
1278521137325133824
1278582245398216705
1278642833763659776
1278734368924672001
1278734414218960896
1278734530011111425
1278764758221705217
1278886442375114752
1278886659220619268
1279068941843861506
1279069225601183747
1279190494963261443
1279220944167460866
1279221407000428549
1279372836910632960
1279373507361726465
1279737687356964868
1279799212260175875
1279799492825485314
1280316388918231040
1280347139948916736
1280529395413909504
1280620757404602373
1280651485718745095
1280711966827466757
1280864279256842243
1280925167611412481
1281198726351130624
1281199228539277313
1281260007582023681
1281260255444418566
1281321375341383680
1281472807902142465
1281473241555496963
1281595154386817026
1281595625126219777
1281656083933790210
1281717004685238272
1281990823593246720
1281990876831637505
1281991117681172485
1281991181354831874
1282021254602596352
1282112856620560385
1282325549092937734
1282417094160777216
1282447468894973954
1282447576046858240
1282568634666082305
1282628826799968256
1282629692810498048
1282751391027490816
1282751573882400770
1282751689347305472
1282782200619044866
1282812802533646337
1282812812767694850
1282873206777327616
1284966996791173120
1284997438567309317
1285362487114768385
1285514332466544640
1285605426239885312
1285605440932511745
1285605710747897863
1285605823285264385
1285605923235540997
1285636112631857152
1285636364688596992
1285666607033876481
1285727920527417345
1285728025770962945
1285758650351575043
1285789000964337665
1285879285832613889
1285910399653761025
1285940752279715843
1285971074556071942
1285971341691228163
1285971579114070020
1286032311323156481
1286093163007025153
1286093343529803776
1286093393089703936
1286245389071507468
1286306190704738307
1286367183573061636
1286397440971726850
1286397518641864706
1286427614475964418
1286488946260627461
1286609455917019140
1286610245708656640
1286671353865699328
1286701591081488386
1286701759482798082
1286701832816009217
1286701882870763521
1286762307222085633
1286884424773062657
1286974584567341057
1286975285154504708
1287036135781347328
1287066418001981441
1287096617947070464
1287096662175944705
1287096772360372224
1287096771806507008
1287096862735052803
1287127811241791489
1287157795343740930
1287188446025523200
1287218319490195456
1287218982676770816
1287277903919476741
1287278597435035649
1287278772383698945
1287339567742427136
1287339937583570946
1287340494222168064
1287370988267724801
1287371009591574528
1287371030818938881
1287371076897562625
1287371131738087425
1287371149987414016
1287522758138695682
1287553565624422401
1287797095810977797
1287827154135330816
1287827210582327300
1287827330254155779
1287827505664143364
1287857365593792512
1287857365341966337
1287857622486355971
1287857907480973312
1287858013857095680
1287888310522843136
1287948858354356224
1288070828802875393
1288100885781000195
1288100941938532361
1288101013812019201
1288101291064004613
1288131361803567104
1288162212461178891
1288192508175036418
1288222727036375043
1288222890287075329
1288466373216280576
1291048637334683648
1291078900391518214
1291230948084744193
1291231451636064257
1291260699704881152
1291322090742833157
1291352684612681731
1291413977709318144
1291444456428916736
1291444579166752769
1291687817907712001
1291687897087827969
1291748710507057153
1291749010932457480
1291778996397637633
1291779191210274817
1291809793498177536
1291870357918384128
1291900851154370562
1291901110341361664
1291961173718573056
1292052281291165696
1292053155274948608
1292083136998735872
1292083355903823875
1292083502406492160
1292083822411034626
1292083827922202625
1292235922197504000
1292266211741503488
1292478993615278082
1292479104416088065
1292479132824211456
1292509678002470912
1292570705440145410
1292600603017752576
1292600850792067072
1292600996934295552
1292661828971945984
1292783396477902848
1292813815424450561
1292813917752893441
1292874996553904128
1292935516401414154
1292996491095793675
1293270408813252612
1293270588048506881
1293270737697083394
1293301168307949569
1293301322117263362
1293331524054654981
1293392543024066560
1293392577958481920
1293392608929165313
1293392616327962637
1293392633717567488
1293392642617860097
1293514281724469248
1293597974862471173
1293598108371292162
1293598254173741057
1293643706696777728
1293644042253660160
1293666859288539137
1293758144078925827
1293758292871839744
1293872897585487874
1293964301389254662
1294010342176063490
1294033124352040961
1294033168505307138
1294033264940851200
1294079160541945856
1294101735238184961
1294216088952209408
1294239164028915714
1294307809673334785
1294399352287318019
1294467857602867200
1294467895171387392
1294468135089655808
1294468224751296514
1294651169063735298
1294651171941036032
1294697248769662976
1294742645986611200
1294811217261887489
1294811452247805952
1294834482483167233
1294994527674150912
1294994744599351298
1295017563752194049
1295154665827557376
1295154780348780544
1295154975245508608
1295200539811012608
1295222779030016000
1295314279487471616
1295314434576076800
1295315087104843776
1295315181095071745
1295337807603544067
1295360379229548545
1295360563908947969
1295406488710778882
1295498015344648194
1295498018280611845
1295498319305703424
1295543862048546817
1295543891341586434
1295543929396494337
1295566843516772352
1295566972554481664
1295589458432073728
1295772680902197250
1295772736971657216
1295772951204073472
1295773006732484609
1295818513337192455
1295864437933510657
1296139201084186626
1296253364880244736
1296253401613897730
1296253597555056642
1296390807470190593
1296482380627279872
1296551166030077953
1296551239103197189
1296597132225519616
1296642807034032128
1296642848209723392
1296642924751577099
1296802985104809985
1296825760813023234
1296871589137354753
1296963027695271937
1296985961776189440
1297122178727542784
1297123525677977600
1297581266196262919
1297604215771144193
1297672574705385473
1297672671157563392
1297718511058530305
1297855935004712961
1297993330245214209
1297993442346315776
1298016007055912960
1298108017791995904
1299678261061062656
1299770056901980160
1299815819824771077
1299861300856737792
1299884572751073280
1299884591717773312
1300021534740942848
1300227702822072320
1300227708459380736
1300227871659765760
1300273341073207296
1300410870145613825
1300525429942558720
1300525473676423168
1300594026681376775
1300594042078625794
1300594162782416902
1300594194575241217
1300594305783025664
1300662714415497216
1300777012567724034
1300799872182829057
1300822807530680320
1300845694471864321
1300868663835127808
1300868741815848961
1300891854137888769
1300960217656635392
1300960328105299968
1300960479288975364
1300960524344188929
1301006364706299905
1301028319375237120
1301028646040158209
1301029127202377730
1301189828692905985
1301189886117130243
1301189922955591680
1301212709229338634
1301212767756660738
1301258644298911750
1301258692583596033
1301304317283045385
1301395028690968576
1301463530533777408
1301464204503912448
1301486902944698368
1301555570848272385
1301555629291692032
1301555671482142722
1301601314691002371
1301601396349960194
1301601448971689984
1301601466797510656
1301624332809129984
1301647287719002113
1301715861552726018
1301875926511366144
1301875935591854080
1301876103733153794
1302243387370864641
1302243484003377156
1302380508387536897
1302380666307244032
1302403210351710208
1302403489369403392
1302403518528212992
1302563124789350402
1302609314947964928
1302655016331812865
1302655033457205248
1302860830220771329
1302928854215020544
1302929305635352577
1302952316258136065
1303043784070946816
1303112158046289921
1303317764606754816
1303340814693670913
1303363896120672256
1303386459492282370
1303386590006435845
1303409536070377473
1303432492578467840
1303478048977752065
1303501198952194049
1303661068191965184
1303661213059088384
1303729796506157060
1303752658206035969
1303752689684275200
1303775367535235079
1303775603288489984
1303775623022817280
1303798495825010689
1303889987620999168
1304026836968632320
1304049947017383936
1304072847829106689
1304095556101443584
1304095630873288709
1304118561309417472
1304118591286136833
1304141137851174921
1304278088491044864
1304415786229002240
1304484529965600769
1304484579965796352
1304484591890202626
1304781609867108355
1304781653122977794
1304850128226918401
1304873198329180160
1304895778092183552
1304896244792414208
1304941556118384641
1304964441302118407
1305147536118878214
1305147533811945472
1305147779120066560
1305193482282323968
1305307448081813505
1305307831789264897
1305353075859714048
1305443345699926016
1305444216932364288
1305467421470449665
1305467799163285505
1305467932198285314
1305513399716065282
1305513514832990208
1305559439676669965
1305582303888969729
1305604965650628614
1305628015372664833
1305650610583343104
1305673825422458880
1305809680229445632
1305810285962420224
1305833314746589184
1305879495522607104
1306175924346531840
1306176895516651521
1306199356605976576
1306199722546397185
1306245600824954880
1306245608664113155
1306291425504645124
1306336894268170241
1306405423285784576
1306541727994580997
1306542738171670529
1306565794835378176
1306588557943992321
1306611550120275970
1306634132827578368
1306634268274233346
1306680302643941379
1306702891273592838
1306703013311066113
1306703065983127554
1306794418431758336
1306794447338958850
1306794498207424518
1306794667690917889
1306794705640923136
1306908380066349060
1306931581890822144
1306954821027737603
1307023266704510976
1307160466674855937
1307160677237297155
1307343525554642944
1307389704023801856
1307481020980178948
1307687141674307585
1307709697282027521
1307709765603258371
1307709855420026880
1307732584294690816
1307755660948447232
1307824509945294848
1307847162860957702
1307847205047406592
1307847205890527234
1307892649240788999
1308007070432714759
1308007168046751746
1308029923639128065
1308075850672340993
1308076176901115905
1308076248971739144
1308121737595432960
1308121852062175235
1308121984157528064
1308122058803511303
1308167540762435584
1308167551998930944
1308167579387731973
1308167651303317505
1308167833088659456
1308213439165272065
1308236483200004097
1308259373337124865
1308349861499219974
1308350347312758784
1308419537658839048
1308465446702678019
1308488212952875009
1308534295460446208
1308534357339123712
1308534443242590208
1308557140412502016
1308557202861568004
1308557419178418176
1308603057949872129
1308694489242963968
1308737458679492610
1308828655641075712
1308874855543078917
1308897656157204481
1308897700885204993
1308920504108150786
1309034542016221186
1309080742459252739
1309081239765344257
1309143260871274497
1309158477101780993
1309173779139096583
1309204418986995712
1309235409369604099
1309266013112938497
1309311928330674177
1309449614962159621
1309449838665371649
1309450007943221249
1309465273372749826
1309511836300193792
1309527119928725506
1309527247959851008
1309557627718860800
1309557684157526018
1309588612460285952
1309588686556758026
1309695986776903687
1309711300709154816
1309726320012656640
1309895420735356931
1309911110238208002
1309941636483420161
1309987760405610497
1309987779590467585
1309988108931342341
1309988140619366400
1310049642558533633
1310064371415035904
1310218548401274885
1310218736704647169
1310249339592364032
1310264699666169862
1310264834991235072
1310295415611424769
1310341741053181953
1310341814403162117
1310372560064872450
1310403400463339520
1310418866799960064
1310434039329771522
1310526154990850048
1310557208795664384
1310572571914510336
1310572725690302465
1310618905463848960
1310618965731717121
1310634287230844932
1310665060596023296
1310680695384289280
1310757538078621696
1310926939448844288
1310926939000115201
1310927187965550593
1310942381152362500
1310942498743881729
1310942538841415692
1310973578742030337
1310988821056688128
1310988963872735232
1311004269038968834
1311004449977053189
1311019732133240832
1311251302798831617
1311266700042604544
1311328403329560577
1311343832445968385
1311359208701468675
1311359228347584513
1311374683066060803
1311405641949478913
1311498204307877889
1313084190263574534
1313084368643133440
1313115170445688832
1313130545614934017
1313130573943181312
1313238908860354560
1313269863989891076
1313269904490012676
1313316144523206656
1313439912813830145
1313439957575503872
1313455149260705792
1313470629782474753
1313486324612169728
1313584730382704640
1313584774422896642
1313612282086162432
1313822171660156932
1313822980951224320
1313823009552191490
1313846541598236679
1313861550571245570
1313861646939566088
1313893180379668480
1313893236591726592
1313893294842224642
1313901197099753473
1313901210764804097
1313908856645320705
1313908988816355331
1313916846291075072
1313955763249872901
1313955848247406592
1313979275838717952
1313979290296504320
1314012867990040576
1314012897538977792
1314013132113801216
1314013689352200192
1314018658960789504
1314030160006524930
1314030202427781121
1314073154462068745
1314143167210549250
1314158919368028160
1314166839241510915
1314174564524609538
1314190267352842240
1314198251437002752
1314206034462863364
1314206179640270850
1314229677918126085
1314237652196040704
1314245389982281730
1314253275986898946
1314323851594141707
1314355108268838912
1314370971919360000
1314370992412786690
1314371006451060737
1314371908398448640
1314371931995615234
1314386497269829635
1314394310687760384
1314394531903746050
1314512135851061251
1314519476587692033
1314519803835580417
1314527452526514177
1314558999413620737
1314598303372374023
1314629888347906048
1314637793696665605
1314645725431705601
1314645747665637381
1314661215881367554
1314661333888106497
1314684868345958400
1314716526264582144
1314731875173187584
1314732178681536514
1314739863854309378
1314763428138016773
1314771203140116480
1314786640603226113
1314810748539826177
1314872615245410304
1314873665138364416
1314875870465724420
1314888923106217985
1314889220545224705
1314896726743044097
1314896955869401089
1314920674469830659
1314928473572544514
1314944303056158722
1314944302490017795
1314944387479228416
1314944436414099456
1314944577263013888
1314952335639171072
1314960046242045952
1314960306502881282
1314967961342537728
1315023593378586626
1315023673238212612
1315047173688524800
1315070963810271232
1315134254288965632
1315235691123466240
1315235789052157954
1315236110344175617
1315236412023730177
1315244098547257346
1315244818004664320
1315252538611044353
1315260067877466115
1315268567198298112
1315268574701854721
1315276338853490688
1315276518407516161
1315292286817886208
1315292289640607745
1315292323211870210
1315299971701321729
1315300126987034626
1315300204678184960
1315300333585866752
1315316112335175693
1315323783557898240
1315323802834939905
1315371694970855426
1315387269226921985
1315387532054536193
1315411176063459331
1315426892967817217
1315426938593386499
1315427207175712780
1315483372618121216
1315483504260587522
1315491867493101570
1315531700328226816
1315531756209020928
1315596435711115264
1315604555619598339
1315604822251515904
1315604913204998157
1315612401421737989
1315620471686287360
1315732894824923136
1315740921108082694
1315740959557255170
1315756340195721216
1315756365722398720
1315756427751772160
1315771803948642304
1315802812119429121
1315810829980389377
1315833887843647488
1315949521843695623
1315965357342044160
1316044826962518019
1316044952275746817
1316076270711648264
1316076285534367744
1316084036343934977
1316084358579728386
1316107724023685120
1316115485709103105
1316139040203304961
1316146712931635201
1316146998043705345
1316162409774669824
1316162435217321985
1316170220717903889
1316193595766972416
1316232434585939968
1316311044151816193
1316342271567163392
1316342512429260808
1316342596042657792
1316365827491364864
1316366043602968576
1316366104671981569
1316459823060471813
1316475437384695808
1316483377705504768
1316491182869016583
1316537939728400387
1316538109950128130
1316561446180974592
1316561468263981056
1316561515521204226
1316561525943996416
1316561558701576201
1316615695761891335
1316693965433958400
1316702022377369600
1316717779865698305
1316742437205872641
1316751571431108611
1316751586178281473
1316751709448933377
1316757778522873860
1316771508069568512
1316771546061516802
1316787036968431618
1316819606426669058
1317048803262947332
1317064019426070533
1317071865140137984
1317095292932677632
1317095416387768320
1317102954940424192
1317103103871766530
1317118795559792644
1317142298757574656
1317142368299208704
1317157932191125505
1317158025195565056
1317158058695434241
1317181661625356288
1317189359632814080
1317228741437902849
1317228924191920130
1317236661504204801
1317236730295181314
1317252424931958784
1317260167889682433
1317260259287859201
1317276003325104128
1317291430516326401
1317338006970232833
1317345742118219776
1317353651900276737
1317407720039960577
1317408300951130112
1317416561704140800
1317439801759510530
1317440012418486274
1317452346952196097
1317455426217254914
1317463362909970432
1317471136389746688
1317478921592426496
1317479132259897344
1317486707500027904
1317486799153995776
1317518288696594434
1317557608178454529
1317573211672936448
1317573255327305730
1317643988367740930
1317667388981207041
1317706476517953536
1317714012004495362
1317714442092638209
1317722313899470849
1317769533617283079
1317776849951477760
1317777349463711747
1317793264163061760
1317808917301387264
1317809031008878592
1317809128379715584
1317824665516212227
1317824817421307904
1317825006638911490
1317825266635444226
1317825452254351361
1317832608559091712
1317832626061873154
1317840598355857411
1317840632484929537
1317840656434343936
1317848400554057735
1317848636898902016
1317872218559438854
1317888113910386688
1317896106643234818
1317919590803034113
1317919752698953728
1317919862858153989
1317935570740445187
1317990819589091328
1318014525879308288
1318022571628154880
1318038286925991936
1318038366840102912
1318038533135716354
1318116890313695232
1318157136061411331
1318157193657593858
1318157280479760385
1318157374662889472
1318165094967185409
1318168338326032384
1318173088324980737
1318181194102657028
1318181329792606208
1318189071148093440
1318189081654939654
1318220988966932480
1318221069820612608
1318237067596484611
1318268905132118018
1318284876848746496
1318308821887029252
1318340665961480193
1318356606808186881
1318368624621604865
1318396231798980612
1318396302015815680
1318420128304787456
1318420290775306242
1318436514913607680
1318499932723159041
1318500216442621958
1318504828235096067
1318516217225891841
1318540489428242434
1318556528694202370
1318564670475743236
1318564825170087937
1318580754247487488
1318620835435905026
1318628766848045056
1318629084654686211
1318636940422504449
1318636956113395716
1318636971334504448
1318653015247781890
1318661162406498306
1318685334318862336
1318693284487827461
1318693284450082822
1318709389520371713
1318733440439578624
1318733442511785984
1318749700846092288
1318749713605197825
1318765694864031750
1318773478535929857
1318934890272952320
1318999882569555968
1319016009718767616
1319024094470410240
1319040096759369730
1319040166808276992
1319072566737158144
1319096831809409025
1319104961502871552
1319112991288094722
1319113115162701824
1319136898753978368
1319136907754876928
1319137131533565953
1319137308399046657
1319137364124618752
1319223147292393472
1319239797035225088
1319245251245166595
1319247017214955522
1319247136286965761
1319260823911542784
1319260970536062982
1319268965890260992
1319285484246290433
1319299987214270465
1319307810216312833
1319315587202506753
1319323303610359810
1319323332475498497
1319331135336361987
1319346669272633350
1319346746573660163
1319358425235660807
1319358655289085953
1319424365361061888
1319446088647102467
1319446149498048512
1319447682637758470
1319447699142344707
1319447710035005440
1319447757413896192
1319455524765782017
1319464276835393536
1319464274566270976
1319471077375004675
1319471110128271360
1319471106470936578
1319502127656390662
1319580041605468161
1319603156456787968
1319603190749343744
1319603231991922689
1319620620871716864
1319636191898193928
1319681593049374721
1319736363483320320
1319783517946023938
1319799298175979521
1319838325256015874
1319884825382141954
1319885054504361984
1319971985322115072
1319972200846327808
1319980066026172416
1319987741233381376
1319988058725502976
1319995784633458689
1319996070278189058
1320003915799285761
1320019395624734722
1320019623450992642
1320051105397694470
1320341531522441216
1320341648728072192
1320341848330768384
1320365365877157888
1320373507235209218
1320428774731571200
1320436933428973572
1320460949099220992
1320468709761310730
1320468863524478978
1320476958191484929
1320506545310994437
1320540645434355712
1320540678263238657
1320548538514731009
1320572498413375488
1320572586783395846
1320580428575744000
1320588419920056320
1320596133077491712
1320604476898566144
1320659928814669824
1320667376774500353
1320691996713984000
1320700056450830337
1320724077125009410
1320756157271711744
1320764019062484996
1320780054960476162
1320804047151050753
1320804093468811265
1320809306355388417
1320812213226131459
1320844225005735936
1320852352333684737
1321004116420612096
1321029262997114880
1321044771679469568
1321053257930838016
1321061211404931072
1321061530474106880
1321085495485620229
1321093562533093376
1321109946218500098
1321126011778572291
1321126217249132544
1321126225641906176
1321138591557365763
1321150560087740418
1321215069527691270
1321222993415163905
1321223318507323393
1321247507935076353
1321247599031062528
1321263740000620544
1321271809266774016
1321288022890041344
1321304387134857216
1321304634695311361
1321328905496580096
1321336596394700800
1321336658092908545
1321401966577225729
1321410074573787138
1321410122812456962
1321410438538682369
1321451299221721089
1321459457218457605
1321467696714797056
1321467764821864450
1321467850645798920
1321472185660280834
1321525465253875712
1321763666937729025
1321780194424852482
1321812941340028940
1321821124234301442
1321821190571384833
1321828996980609026
1321829131085107201
1321829198844088322
1321860031604731905
1322413349884157958
1322413537680003072
1322509733077667842
1322509793328848897
1322509857505841157
1322511797170089984
1322511891491684355
1322511957375832066
1322512191510192130
1322518190824562691
1322526192281542658
1322534609901572096
1322534860565680129
1322542727339429893
1322542809455407109
1322551139934625797
1322551303164301312
1322559158382665730
1322559256458108929
1322559281112272897
1322559298472468480
1322559427451432960
1322567546353176577
1322567567186235404
1322567614116278273
1322584133785190400
1322617169486639105
1322617470193082368
1322642062026641408
1322658550884216832
1322691831260499968
1322699908156149761
1322741640302333953
1322790957411000321
1322840810895876101
1322891079201509377
1322892266764193797
1322907613156253697
1322907816827506690
1322924174134923266
1322924183114944512
1322924211103363072
1322932570372382721
1322940847537692672
1322940859306938369
1322940876994318337
1322940897001197575
1322957508982484992
1322957600791605258
1322974140047896576
1322974262911787015
1322975986481287172
1322990992220454920
1322999362713088001
1323007636284100611
1323007762943672321
1323016084405059590
1323024286517547012
1323049583451246598
1323074574691520513
1323074591879798785
1323074762642497537
1323149724577271809
1323217898312097792
1323226987687743497
1323277594196889606
1323277664086564864
1323286046931668998
1323294547137318912
1323328260932030465
1323369721782218755
1323369839424114689
1323370728754974721
1323370780692946944
1323379482837864451
1323413973241372676
1323440081026326528
1323440175188480000
1323440225750798336
1323457486813351936
1323457619873464324
1323457618086604807
1323457636847788035
1323483490868850689
1323483513371402240
1323483560712540161
1323492432915451905
1323509523064233985
1323526968306995202
1323605658642620417
1323622974101069824
1323649166732595201
1323657890461306883
1323666898777759749
1323666940573945856
1323702478496362496
1323716078967640069
1323742310585294851
1323752292194148352
1323897990231347201
1323985585237884930
1324003985775300615
1324017820343193604
1324024799983788035
1324032474326982656
1324080414806474753
1324108294651367425
1324112655464960002
1324121913296359425
1324129117789368321
1324158955736760320
1324158970974658560
1324158987303063554
1324177838736609281
1324198582841348098
1324387037881995264
1324387058060873728
1324407977718239239
1324408025575235585
1324420619539271680
1324428871870095360
1324428874378334212
1324449863015301123
1324470999358693376
1324484972309340160
1324498956244652032
1324527091900141571
1324568954187190275
1324583072298393600
1324590066375684096
1324681349144453120
1324688419272957952
1324709414473969665
1324723635597332480
1324737756518633472
1324758810343415808
1324758824176263170
1324780007697338371
1324787112080601088
1324807776510595078
1324836532373626880
1324836565990998016
1324871707983671297
1324892759963086849
1324892892213751812
1324899803017383944
1324899898832130053
1324907031552258048
1324935072756228096
1324935096214958080
1324935112526602240
1324935133581828096
1325112641887608833
1325121452719235073
1325264019859574784
1325271165506646016
1325285289754046464
1325285293482795010
1325292483056709633
1325320855237357568
1325420772970651652
1325420940306550784
1325435306393399296
1325442245827424257
1325463735171997705
1325463756864950272
1325499610119479299
1325513862838444033
1325521059202936832
1325535277150957568
1325535387956224001
1325549714339663874
1325606908875563008
1325628342134038536
1325635504205946881
1325699951557451776
1325707034264694787
1325707255442890753
1325764695408713728
1325764882181054464
1325765072069783552
1325771846915137536
1325772285702250497
1325797098474921986
1325800849952673792
1325815258297098240
1325815258284494848
1325837013501743104
1325837093516566529
1325851429593116673
1325851572207816705
1325858624955146241
1325858772535926785
1325858843302244359
1325866042879582208
1325916863721844736
1325931279603302400
1326223575418695680
1326252755032436750
1326259837580218368
1326259868156780544
1326259909902491648
1326260033680773132
1326268553817886720
1326268640568733696
1326288985031892999
1326303426473504769
1326325045409542154
1326339653532839936
1326489922241523715
1326496843740667906
1326511935949508608
1326511959324434432
1326512128090640384
1326578575403835399
1326585849170038784
1326600706028138496
1326630209693552640
1326637627013992450
