1278399749926912000
1278430260443430922
1278582245398216705
1278642833763659776
1278764758221705217
1278886442375114752
1278886659220619268
1279220944167460866
1279372836910632960
1280316388918231040
1280864279256842243
1280925167611412481
1281472807902142465
1281473241555496963
1281656083933790210
1281717004685238272
1281990876831637505
1282112856620560385
1282325549092937734
1282417094160777216
1282447468894973954
1282447576046858240
1282568634666082305
1282751391027490816
1282751573882400770
1282751689347305472
1282782200619044866
1282812802533646337
1282812812767694850
1282873206777327616
1284966996791173120
1285636112631857152
1285666607033876481
1285728025770962945
1285758650351575043
1285789000964337665
1285940752279715843
1286093163007025153
1286397518641864706
1286488946260627461
1286701591081488386
1286762307222085633
1286884424773062657
1286974584567341057
1287036135781347328
1287096771806507008
1287157795343740930
1287188446025523200
1287218319490195456
1287277903919476741
1287278597435035649
1287278772383698945
1287553565624422401
1287797095810977797
1287857365341966337
1287857622486355971
1287857907480973312
1287888310522843136
1287948858354356224
1288100885781000195
1288131361803567104
1288162212461178891
1288222727036375043
1291078900391518214
1291230948084744193
1291231451636064257
1291260699704881152
1291352684612681731
1291413977709318144
1291444456428916736
1291778996397637633
1291779191210274817
1291809793498177536
1291870357918384128
1291900851154370562
1291901110341361664
1292052281291165696
1292053155274948608
1292083136998735872
1292083355903823875
1292083502406492160
1292083827922202625
1292235922197504000
1292570705440145410
1292600603017752576
1292600850792067072
1292600996934295552
1292661828971945984
1292783396477902848
1292874996553904128
1293270408813252612
1293270737697083394
1293301168307949569
1293301322117263362
1293331524054654981
1293643706696777728
1293644042253660160
1293964301389254662
1294033168505307138
1294033264940851200
1294399352287318019
1294467857602867200
1294468135089655808
1294468224751296514
1294742645986611200
1294994744599351298
1295017563752194049
1295154780348780544
1295200539811012608
1295222779030016000
1295314434576076800
1295360379229548545
1295406488710778882
1295498015344648194
1295498018280611845
1295498319305703424
1295543862048546817
1295543891341586434
1295566972554481664
1295589458432073728
1295772680902197250
1295772736971657216
1295772951204073472
1295773006732484609
1295864437933510657
1296139201084186626
1296253364880244736
1296253401613897730
1296253597555056642
1296482380627279872
1296551166030077953
1296551239103197189
1296642807034032128
1296642848209723392
1296871589137354753
1296963027695271937
1297581266196262919
1297604215771144193
1297672574705385473
1297672671157563392
1298016007055912960
1298108017791995904
1299678261061062656
1299770056901980160
1299815819824771077
1299861300856737792
1300227702822072320
1300227871659765760
1300273341073207296
1300410870145613825
1300525429942558720
1300525473676423168
1300662714415497216
1300799872182829057
1300868663835127808
1300868741815848961
1300891854137888769
1301006364706299905
1301028319375237120
1301028646040158209
1301029127202377730
1301189828692905985
1301189886117130243
1301212709229338634
1301212767756660738
1301258692583596033
1301395028690968576
1301601396349960194
1301875935591854080
1301876103733153794
1302243387370864641
1302380508387536897
1302380666307244032
1302403518528212992
1302655016331812865
1302860830220771329
1303043784070946816
1303112158046289921
1303317764606754816
1303340814693670913
1303409536070377473
1303661068191965184
1303752658206035969
1303775603288489984
1303798495825010689
1304141137851174921
1304278088491044864
1304781609867108355
1304781653122977794
1304873198329180160
1304941556118384641
1304964441302118407
1305147779120066560
1305193482282323968
1305307831789264897
1305353075859714048
1305467421470449665
1305604965650628614
1305628015372664833
1305673825422458880
1306245600824954880
1306680302643941379
1307160466674855937
1307481020980178948
1307687141674307585
1307709697282027521
1307709765603258371
1307709855420026880
1307732584294690816
1307755660948447232
1307847162860957702
1307847205047406592
1307847205890527234
1308007070432714759
1308007168046751746
1308029923639128065
1308259373337124865
1308349861499219974
1308488212952875009
1308874855543078917
1308897700885204993
1308920504108150786
1309143260871274497
1309204418986995712
1309266013112938497
1309311928330674177
1309449614962159621
1309557627718860800
1309557684157526018
1309588612460285952
1309711300709154816
1309726320012656640
1310049642558533633
1310218548401274885
1310218736704647169
1310249339592364032
1310295415611424769
1310403400463339520
1310418866799960064
1310434039329771522
1310557208795664384
1310572571914510336
1310572725690302465
1310618905463848960
1310618965731717121
1310634287230844932
1310680695384289280
1310757538078621696
1310926939448844288
1311004269038968834
1311004449977053189
1311019732133240832
1311328403329560577
1311359208701468675
1311498204307877889
1313084190263574534
1313084368643133440
1313130545614934017
1313130573943181312
1313439957575503872
1313584730382704640
1313584774422896642
1313893294842224642
1313901197099753473
1313908856645320705
1313916846291075072
1313955763249872901
1313955848247406592
1313979275838717952
1313979290296504320
1314012897538977792
1314013132113801216
1314018658960789504
1314030160006524930
1314030202427781121
1314073154462068745
1314166839241510915
1314190267352842240
1314198251437002752
1314237652196040704
1314253275986898946
1314323851594141707
1314355108268838912
1314371908398448640
1314386497269829635
1314527452526514177
1314629888347906048
1314645747665637381
1314731875173187584
1314739863854309378
1314771203140116480
1314786640603226113
1314810748539826177
1314875870465724420
1314928473572544514
1314944302490017795
1314944387479228416
1314960046242045952
1315047173688524800
1315070963810271232
1315260067877466115
1315268567198298112
1315299971701321729
1315300126987034626
1315316112335175693
1315427207175712780
1315483504260587522
1315491867493101570
1315531700328226816
1315531756209020928
1315732894824923136
1315756340195721216
1315756365722398720
1315756427751772160
1315771803948642304
1315810829980389377
1315949521843695623
1316076270711648264
1316076285534367744
1316084358579728386
1316107724023685120
1316139040203304961
1316146712931635201
1316146998043705345
1316170220717903889
1316193595766972416
1316232434585939968
1316459823060471813
1316475437384695808
1316483377705504768
1316491182869016583
1316537939728400387
1316702022377369600
1316717779865698305
1316751571431108611
1316751586178281473
1316751709448933377
1316771508069568512
1316819606426669058
1317064019426070533
1317118795559792644
1317158058695434241
1317189359632814080
1317228924191920130
1317260259287859201
1317276003325104128
1317291430516326401
1317338006970232833
1317345742118219776
1317353651900276737
1317455426217254914
1317478921592426496
1317486707500027904
1317518288696594434
1317643988367740930
1317667388981207041
1317706476517953536
1317714012004495362
1317714442092638209
1317722313899470849
1317825006638911490
1317825452254351361
1317872218559438854
1317919862858153989
1317990819589091328
1318022571628154880
1318157136061411331
1318157193657593858
1318165094967185409
1318173088324980737
1318181329792606208
1318189071148093440
1318220988966932480
1318221069820612608
1318268905132118018
1318284876848746496
1318308821887029252
1318340665961480193
1318368624621604865
1318420128304787456
1318420290775306242
1318436514913607680
1318564670475743236
1318636940422504449
1318653015247781890
1318709389520371713
1318733440439578624
1318749700846092288
1319024094470410240
1319040096759369730
1319040166808276992
1319072566737158144
1319104961502871552
1319112991288094722
1319113115162701824
1319239797035225088
1319260823911542784
1319260970536062982
1319268965890260992
1319285484246290433
1319299987214270465
1319315587202506753
1319323332475498497
1319331135336361987
1319424365361061888
1319446088647102467
1319446149498048512
1319447699142344707
1319455524765782017
1319464276835393536
1319464274566270976
1319471106470936578
1319502127656390662
1319580041605468161
1319603156456787968
1319620620871716864
1319636191898193928
1319681593049374721
1319736363483320320
1319783517946023938
1319838325256015874
1319884825382141954
1319885054504361984
1319971985322115072
1319972200846327808
1319988058725502976
1319995784633458689
1320003915799285761
1320019395624734722
1320019623450992642
1320051105397694470
1320341648728072192
1320365365877157888
1320373507235209218
1320428774731571200
1320436933428973572
1320460949099220992
1320540645434355712
1320540678263238657
1320548538514731009
1320572498413375488
1320588419920056320
1320596133077491712
1320604476898566144
1320809306355388417
1320812213226131459
1320844225005735936
1321004116420612096
1321061211404931072
1321061530474106880
1321093562533093376
1321109946218500098
1321126217249132544
1321150560087740418
1321215069527691270
1321247507935076353
1321263740000620544
1321271809266774016
1321304387134857216
1321328905496580096
1321336596394700800
1321336658092908545
1321780194424852482
1321812941340028940
1321828996980609026
1322413349884157958
1322413537680003072
1322509733077667842
1322526192281542658
1322542809455407109
1322584133785190400
1322617169486639105
1322617470193082368
1322658550884216832
1322790957411000321
1322840810895876101
1322891079201509377
1322892266764193797
1322907816827506690
1322924211103363072
1322957508982484992
1322957600791605258
1322974140047896576
1322974262911787015
1322975986481287172
1322990992220454920
1322999362713088001
1323016084405059590
1323024286517547012
1323149724577271809
1323294547137318912
1323328260932030465
1323370780692946944
1323483490868850689
1323605658642620417
1323622974101069824
1323649166732595201
1323666898777759749
1323716078967640069
1323897990231347201
1324198582841348098
1324387058060873728
1324407977718239239
1324408025575235585
1324420619539271680
1324470999358693376
1324484972309340160
1324498956244652032
1324590066375684096
1324688419272957952
1324709414473969665
1324787112080601088
1324807776510595078
1324871707983671297
1324907031552258048
1325112641887608833
1325121452719235073
1325264019859574784
1325285293482795010
1325463756864950272
1325499610119479299
1325535277150957568
1325606908875563008
1325628342134038536
1325699951557451776
1325707034264694787
1325707255442890753
1325771846915137536
1325851429593116673
1325858624955146241
1325931279603302400
1326223575418695680
1326252755032436750
1326259868156780544
1326259909902491648
1326260033680773132
1326325045409542154
1326578575403835399
1326637627013992450
