1278369060493897729
1278703938221588488
1278825870896123904
1279069065022234624
1279069081283497985
1279130039565590528
1279160215368237062
1279160448663814145
1279434000294174721
1279555772964364288
1279555823652556801
1279555859815768064
1279586126806876161
1279586170159104001
1279799437657812995
1280041483320483840
1280620753814278146
1280620930537046016
1280620953425371139
1280621027861692416
1280621090130313216
1280651367200284672
1280681775535185921
1280712198285746177
1280833521083453446
1280925185143713794
1280955701985251330
1281229624119300101
1281290709111316482
1281321636386439175
1281321681563328517
1281351892623392770
1281352047779094528
1281352150518571008
1281382328909148161
1281656097519079425
1281716994740572160
1281717007277121536
1281717061828435968
1281717239943659520
1281717293454708739
1281717410559676417
1281929936891240448
1281990801594241026
1281990936956788737
1281991078502002688
1282021242309091330
1282021319220039681
1282021540578631680
1282021558266011648
1282021605783347202
1282082097239412736
1282082319550025729
1282264290028920832
1282356143621365760
1282356418100830209
1282447530274566147
1282507869494013952
1282508349830049792
1282508398492291073
1282721491331801089
1282751476356571136
1282782012240203781
1282842892621447171
1282903904196403203
1284997005002113024
1285179211402092545
1285209976118673409
1285209995861262336
1285210019013722114
1285301350604185600
1285301397228003330
1285301434817433601
1285362107756818433
1285362275461656576
1285452879021723648
1285667030318948354
1285697471566446592
1285697484048797696
1285697498942668803
1285697513668911106
1285697527694667778
1285697544174153728
1285697562943590405
1285697574410883078
1285879535691587584
1285880380181098497
1285910464195694592
1285971250385498112
1286001567443955716
1286032091101253633
1286032123204337665
1286032131190292480
1286032173083000836
1286032220780666890
1286032229697761286
1286032276254601223
1286032298589261824
1286062643166482434
1286123427183710209
1286153566189760512
1286336294667378690
1286458072681123845
1286488836130963459
1286518475322806275
1286610080356499457
1286610175483432960
1286610487673856004
1286671133396340737
1286671445037330433
1286853880274399234
1287370498347851779
1287370531285749766
1287492766403104768
1287553305774759939
1287613843578007554
1288131479512457216
1288131668700737536
1288131738485624833
1288222576729305088
1288222976438153218
1288223005882056704
1288374488170524672
1288557903146868738
1291018405194002433
1291078887628140545
1291109677367996416
1291140024008880130
1291352937558614017
1291352987613437955
1291353080433451009
1291383659405225985
1291383687842537472
1291383734403555330
1291475032477036544
1291505371136352256
1291535900988649473
1291596577207967744
1291687531348733953
1291718288825868288
1291748966606884864
1291839845371908096
1291870700567814144
1292053190381309953
1292114004685524993
1292174914078810114
1292296689747976193
1292296768806363142
1292296803560415236
1292448450668265472
1292509936929439744
1292570216589860869
1292570711723331584
1292600608420253697
1292661795778224129
1292692196571971586
1292692204973101056
1292813997071380480
1292814094492487682
1292905250131783680
1292905498065477640
1292996775083675648
1293056532972740608
1293056575188406272
1293056645329715203
1293056681837047810
1293056711264272384
1293056770672398336
1293148715054780416
1293178862466224128
1293178994712547330
1293179419272417280
1293209405605859333
1293240113447735296
1293240142732439553
1293240211087007744
1293240222738776064
1293362211222675456
1293452000592568320
1293514249562726400
1293575141612490752
1293597910827970561
1293597928808947712
1293597947393974273
1293597962283687941
1293597994927955971
1293598007343144961
1293598353809272834
1293621273126473728
1293666796520833026
1293666829131567104
1293666857497624583
1293712520885272581
1293712598769307651
1293712746438168576
1293712816436850689
1293735521823358977
1293918472452427776
1293918498801045504
1293918788816166912
1293918828640915457
1293941527962476549
1293941591791611905
1293941602138894338
1293941625207623681
1293941668278927367
1293941743768018944
1293964574895603713
1294010237855424513
1294033245743521792
1294079000512352258
1294079041113186304
1294193230985265152
1294193484275097600
1294284768323014656
1294284782382317568
1294284956030644225
1294307707562921984
1294307796654215168
1294330655162105859
1294330665736056833
1294330858153836544
1294330955671441415
1294445159699144704
1294651139422658562
1294673967593205761
1294719724404658177
1294720076923404288
1294742704929345536
1294765490661974019
1294765845865025543
1294788535317405697
1294788654544691200
1294879963460579328
1294994662646853632
1295017645243281408
1295040220891676672
1295177378168176641
1295406439947788293
1295406511800365056
1295406538119622659
1295406645175091200
1295521046586626048
1295521253353238532
1295543822865387521
1295543924120002561
1295544052172152832
1295589721465393152
1295612661779116032
1295681235705094144
1295681284371619840
1295703926986219520
1295749977122246658
1295750045850046464
1295818361524441088
1295841364329074695
1295841459749425159
1295841557086638093
1295841655547985921
1295887176689807360
1295887219597537283
1295887309703745536
1295887352645054466
1296162130408898562
1296184833849192448
1296253449881911296
1296276530868424704
1296299233004236800
1296299414248538112
1296413735742046210
1296482606729629697
1296482621107646466
1296505307393404928
1296574072197910530
1296642895680872448
1296688313257136129
1296711525495762944
1296733865797615616
1296780011773599744
1296894233023053824
1296894242619613185
1296894303831240713
1296894395908857856
1296894402850414600
1296917494020616193
1296940123364438018
1296940443725438983
1296940456299962368
1296940497559330828
1296940536897601539
1296940549027635200
1297031563801178115
1297031577139126272
1297031599456911360
1297031617903570945
1297169328001953792
1297192087482519553
1297375373949198336
1297375398792065024
1297375455931019264
1297489872954040321
1297604047038488580
1297604219445354496
1297627167849943043
1297673053372112897
1297832998272991232
1297901559951626240
1297901770484711424
1297924416639315968
1297924578317131783
1297924622902603776
1297924668758700036
1297947541837877250
1298016109501718529
1298039046304862215
1298107623888154624
1298107649859432448
1298107748924690434
1298107926222168065
1298107942785474560
1298130834994601986
1298130924329029632
1299724428234776582
1299724473193525248
1299724505288376327
1300090620145471488
1300228030317637632
1300387860147843072
1300479420088700928
1300479588154437632
1300502543492091944
1300525375479517184
1300571235881906178
1300753797543755777
1300845964299849730
1300868804818345984
1300868848514551813
1300868870819856384
1300868964998807553
1300914833521545217
1300937459895730176
1300937741702578176
1300960302733971458
1300960361726832640
1300960552534126597
1300960579935444994
1301143656905216000
1301144046056828928
1301166937314136065
1301189681506381830
1301189807796883456
1301189905998118912
1301235783546875906
1301235834247667715
1301258700431085568
1301304065918480385
1301304432454320129
1301509710785454080
1301509721208360961
1301510201015701505
1301532705381855234
1301532759085772800
1301532837523460097
1301555753027805184
1301578659795472384
1301578703718084608
1301578852091609088
1301601602084712448
1301601731885830144
1301624336516816898
1301647444917264384
1301715994466017280
1301853097539575810
1301875761511641088
1302243231418191876
1302311972202057728
1302586345555193856
1302632014953295872
1302654760210833411
1302700446553911297
1302700823240208385
1302700834074095616
1302723645958172672
1302769305247977473
1302814812842401792
1302997930991910912
1303020644871876613
1303135264114647040
1303180371014692867
1303409384551313417
1303432291486703618
1303432508369973257
1303546398546317312
1303546908669952001
1303568896960667648
1303568932968771584
1303660685021323265
1303684127179386881
1303706795467255809
1303752623770800130
1303775452960620550
1303775569700687874
1304049735800676353
1304141467091259392
1304164197740183552
1304233004282372096
1304255726848806914
1304255799582171139
1304392610883149824
1304415534184910848
1304461378057629696
1304804733622853636
1304827246071422977
1304850393835413505
1304850491747241985
1304896283115769856
1305010564960325632
1305147380145291264
1305420824761872391
1305536259994128390
1305536279862554625
1305536300276211713
1305536332572299264
1305536400129916928
1305536526420410368
1305559161367867392
1305559200576270338
1305559210806177795
1305604857370488837
1305627951409647616
1305673778601418752
1305764127961423873
1305833705781579776
1305879333425360897
1305879418431254528
1305879427834875904
1305902385357819910
1305902475887677441
1305925079419809793
1305971146114949132
1306016705043484674
1306130573384183808
1306176003442606081
1306268414684606465
1306291114660556801
1306360086005198849
1306405525102497793
1306428281617608706
1306428441563222017
1306473539453825024
1306473563315200000
1306473598027214848
1306473604503175168
1306473631258685440
1306611276047581185
1306611289335238656
1306611303520382978
1306611318691180544
1306611334004510720
1306611350836215810
1306611424391823366
1306611438845386764
1306611600015740929
1306611624325926913
1306748746378731522
1306771754921209856
1306817328169054209
1306977464489517056
1306977519879376897
1307000213496885255
1307000378442108932
1307000385773723654
1307046007188922370
1307046149279420423
1307092109267173382
1307160608664625157
1307160835773599744
1307343694157287425
1307458302943600644
1307503933779304449
1307526607775522817
1307526687345635330
1307686803340656641
1307687097361465344
1307847152446722049
1307870155440107520
1308006672770760705
1308053210888839170
1308098687839744001
1308144842564923393
1308167478988746752
1308167486613979137
1308167575151542272
1308167668831334401
1308167787223879680
1308281154261319680
1308396588402913282
1308419553987375106
1308487976427696137
1308487996430340097
1308488295429492737
1308647911035551745
1308648905249189888
1308736922244837376
1308737030424330241
1308783043835027458
1308783132259299328
1308783256523898880
1308828618454429697
1308874855543078917
1308943629726232576
1308966402385207297
1308966456281968641
1309012080125767681
1309012192210161667
1309056548589703169
1309096934121103362
1309096995806732292
1309127393274146822
1309204510171189250
1309204767965675521
1309235535454572546
1309357451595198464
1309372637026623489
1309418608515338241
1309450312739151877
1309465175293153283
1309481094899732480
1309496464666755072
1309542447433814018
1309542452072796162
1309542497920655361
1309557614733398021
1309557630986342410
1309573054721335297
1309588414367490050
1309603879705817088
1309619241600118795
1309619252073246720
1309649937416609792
1309650022548430848
1309665266805202946
1309665359314681856
1309665402323177473
1309696250971860992
1309742047046307841
1309802402363723781
1309833815934808064
1309864836633956352
1309972566409449473
1309972572856037376
1309972877949702144
1309987998734393344
1310018714297794561
1310018842240917510
1310018946565844992
1310034151467253762
1310065036719779840
1310095623325200385
1310109664265285632
1310110500328370177
1310187543514710017
1310187572904235013
1310187593364054017
1310203402392137728
1310218657407078400
1310264942327726080
1310310746492993538
1310326342731390979
1310572606714785794
1310572740752084992
1310603580739551235
1310665125158772736
1310680605940744193
1310680689273188357
1310742224301297664
1310973464623407106
1310988994474176514
1311050806272167938
1311050818318200844
1311050830045499393
1311112627825684480
1311112654505881601
1311112652479852544
1311467323342155777
1311498168069095425
1313099660211425287
1313130506498854913
1313192641195057153
1313822111438385156
1313830907552452609
1313830931698978816
1313830942000246784
1313830958152515587
1313838667404840960
1313846327185375233
1313861461148663809
1313869913069625344
1313900989225799680
1313916679475273730
1313924578423472128
1313955792651862016
1313979273108168704
1313995023101440000
1314010773258211329
1314010827012427779
1314013638903111683
1314013684625289216
1314026469757259777
1314026469102821377
1314030158031065088
1314042057170665473
1314042083284447234
1314049934312837120
1314190321639546881
1314212892963565571
1314212924391452672
1314229759874936833
1314253128045395979
1314323829007806471
1314370880764620800
1314386474067001346
1314386484561149957
1314386615402467328
1314433223565422592
1314495601959227392
1314511489324195853
1314511916014936064
1314535374283309057
1314535391165321216
1314551229226405888
1314551373560774656
1314567005933051907
1314574889228132352
1314576698411814912
1314582840030486530
1314606418444595201
1314645625561141249
1314653547254996992
1314657290402889730
1314669079702188033
1314786911890833410
1314802382774042625
1314868007974432768
1314904844252176387
1314905104831713286
1314905129267671042
1314944617469693952
1314952162531708928
1314983768936140800
1314983785734250496
1314991854958542851
1315007635444379648
1315007800301547520
1315015628902871043
1315039433805234176
1315039493196599296
1315045624967028743
1315062896695615489
1315106054817148928
1315165166267502592
1315165223867867136
1315268897365426177
1315268944886935552
1315284235280887809
1315331832616022016
1315331981048188928
1315331988270784513
1315347573587300353
1315347679501746177
1315347928605773824
1315371662263693313
1315379418794205190
1315387542221529093
1315395170800631808
1315419316746104833
1315427011427434496
1315451189883006977
1315451205276008449
1315451342899601408
1315467226481340416
1315604559193083904
1315656675861331969
1315664385327669249
1315725243709829120
1315725250588536832
1315725311645044737
1315756487323586560
1315764217249771526
1315779759788490752
1315802806717210630
1315802816217255937
1315802820508082176
1315802854758723584
1315826346627534849
1315849360224194560
1315849414339112960
1315849437042946048
1315872605472260097
1315880070913949696
1316009288599588864
1316060651912126466
1316068771010879488
1316076303100055559
1316076343398928385
1316099889521135618
1316131104596860928
1316146705885257729
1316162267201798144
1316162388224290816
1316162448290914306
1316162574224941057
1316310720011735041
1316318358128726023
1316318483571970050
1316326090324008967
1316342265233707013
1316351921293275136
1316366176415617024
1316381764949073920
1316389377543675905
1316397136964202501
1316405012537511936
1316420838539829249
1316428558458380289
1316452029460631553
1316467655860199425
1316467784486920192
1316506642754744326
1316506696517386244
1316506701403652104
1316522488097116171
1316538123439013889
1316538132947320832
1316569190103502849
1316577038283812865
1316608221499535360
1316647500728676353
1316717648613388288
1316736081954508800
1316736102577967108
1316742554042470402
1316751564636327936
1316751579479977986
1316802586494808071
1316848844588679169
1317079856430153729
1317084977989865475
1317087589153853443
1317087662117879808
1317142187445047296
1317165786109128705
1317165799384129537
1317166017647357956
1317181693887975425
1317220920889626626
1317307000188010497
1317392179711643649
1317392558620856320
1317392623435501568
1317392822690078720
1317400396319645696
1317400642223296514
1317471222029029378
1317471273203748866
1317510228196425728
1317518332199903235
1317533885312401408
1317533990203568130
1317566242170032131
1317581154367774720
1317588702982438913
1317588791540936704
1317588901133910016
1317635893499494401
1317636071488880640
1317643940175249408
1317650906662436865
1317667332026781696
1317738141814542337
1317784996275474432
1317825320041545728
1317825456985559040
1317856438195290115
1317864332005462016
1317887947304280071
1317903810380038149
1317903894853373952
1317919643558760449
1317935460128346117
1317935698805202945
1317959455984799746
1317983085112250376
1318006662133911552
1318213073090564098
1318213136273580032
1318237017830957061
1318244906255540224
1318244982046695424
1318268792112336898
1318316717005733888
1318332814434107408
1318368625573519360
1318368830167547910
1318371479168364544
1318396237771624448
1318428348838744064
1318451351827795969
1318451392323878912
1318467837728595968
1318475552483889152
1318475920840282115
1318476171198201857
1318476370314395650
1318484509629632512
1318505184004366336
1318516209374081024
1318532423001530369
1318548353555333122
1318548438854807552
1318550804777832449
1318572788895125505
1318580768659091456
1318612993790349317
1318620781736329216
1318620895049637900
1318636935561302018
1318645119806017536
1318677256378732546
1318677366982516745
1318677446275846144
1318679527837630464
1318685414652321805
1318701546767634433
1318773878290812928
1318781442856521728
1318781760738643968
1318788293497180161
1318798016388714496
1318821830539546625
1318829379380719621
1318870529437257728
1318878532014145536
1318894505265926144
1318902800185663489
1318917135956119552
1318924383122001920
1318934837290553346
1318934901685702658
1318935073421406209
1318935104031436800
1318951024195981318
1318951158187253760
1318959223611576327
1318967224296742914
1318983407867695106
1318991442841251840
1318991538408411137
1318999517686018053
1319064403682201601
1319064409872822273
1319064506610352129
1319064515959468032
1319064535437877248
1319080698553257984
1319080724738297859
1319080731927322626
1319104845878595590
1319112993364475905
1319128870671581184
1319129371060424704
1319244775426502656
1319268807794479106
1319284490938634242
1319284512111509506
1319292318784966656
1319315502754312196
1319315524497645569
1319315577534545923
1319323458728329217
1319338784626978816
1319346553530642436
1319354494224789504
1319354510574194690
1319358716987277312
1319383831095332864
1319383980265930753
1319385542535057409
1319416518963269632
1319424426140721153
1319439962278907905
1319446077666250754
1319446088638631937
1319447717739819009
1319455493644034049
1319464276029927425
1319464290303107072
1319466622155956225
1319466622931914754
1319466656670896129
1319486556931960835
1319494386560978944
1319494391698984961
1319494423928049665
1319502074485346305
1319595409224929281
1319642480384614401
1319650165448376320
1319650182993203200
1319650199745200128
1319650230653145088
1319650284130521088
1319658240242864130
1319705148302761987
1319705219601584128
1319712965575249920
1319713097498722304
1319775791136161792
1319775819548352512
1319783359464308738
1319807144951238656
1319814871807045634
1319814908335300608
1319822686244249600
1319862052677021696
1319862112496173056
1319971983174586374
1319987846896324608
1319988120683606016
1319995692648222720
1320019401106665476
1320019423051264002
1320019434388541441
1320019493293158400
1320019552403599361
1320027413963747329
1320027657656963077
1320035446810869762
1320035466159206402
1320051168303874050
1320059040949542915
1320059186298970113
1320067161503780873
1320116759991635969
1320389386119380992
1320397210471727106
1320397212971683841
1320436791158153219
1320436825798905857
1320437033366683654
1320461154188201985
1320484785400270853
1320484793713393666
1320484972692672513
1320492845363580928
1320540450135179264
1320540523418034177
1320540714871279617
1320556365383929857
1320564588384030726
1320564623502761984
1320564625448988676
1320580083468390400
1320580108160278530
1320580125923168258
1320580141953798144
1320580157632057344
1320580186010693632
1320580203270316032
1320580214708121601
1320580253077655554
1320580317556568065
1320580324154314752
1320667798394310656
1320691838156787712
1320708067592409088
1320742056038486017
1320764231399231493
1320772092732735488
1320787994417221633
1320788280099676160
1320844194617921536
1320844360628506625
1320860428440948736
1320860521504133127
1320860544853774336
1320876325469564933
1320876592973885442
1320900681469931521
1320940789363605504
1320948341979729922
1320964063505993728
1320964230053412866
1320988607805591552
1321003703617363968
1321036749561384961
1321037246032732160
1321077351820787714
1321085503123476483
1321118123290955777
1321126313432883202
1321126483423875073
1321134213681336321
1321134352831492099
1321142264761061378
1321190850538446849
1321190884923195392
1321215054340067329
1321215053769695233
1321215072652374017
1321215100066451458
1321215135239852032
1321215162041421827
1321215201950244868
1321271981807980545
1321320595649220612
1321352753990504451
1321525488846802947
1321713383402450944
1321796456412565505
1321804615348867073
1321812778349449216
1322109812910542849
1322154220624248833
1322412994156994563
1322475909295820800
1322559568766029825
1322584375687548929
1322600649096396800
1322600819557097473
1322650302844145664
1322650355809816576
1322650410125983744
1322650544897339393
1322650591630254080
1322666827055423488
1322683619358445568
1322733544402231298
1322758184088571904
1322849634608402432
1322892376210288642
1322999350788792322
1322999365015871490
1323007673185587202
1323024266145746949
1323032597337956352
1323032655349260288
1323032797380947968
1323040977129480194
1323049769346936832
1323099671519219713
1323277544855113728
1323294655362998272
1323294766256300039
1323311399402196992
1323311505857748994
1323345191911092224
1323353633438621696
1323353639943958528
1323362289983082496
1323370949635411969
1323379487178809346
1323379632251400192
1323396610206928898
1323474911227187207
1323501040528990208
1323501093628874752
1323587983782694912
1323588234434252801
1323614179291484160
1323614206944563200
1323631585954918402
1323640364813717505
1323649183673470976
1323666769941319682
1323752349689667584
1323752399035494400
1324017825514741763
1324031671033737216
1324052545577377792
1324088237246291970
1324121896196210692
1324177713809117186
1324198634351636483
1324372995566149633
1324373022510321664
1324379953299886080
1324379994450206721
1324380059751337985
1324415007283585024
1324447483007660032
1324491914926764032
1324540871837175809
1324710866365763591
1324765903544897539
1324782215251824643
1324836458398732292
1324864653843947523
1324892918700675073
1324920989982060546
1325126731326386176
1325171167343337472
1325235585783525378
1325265305329922049
1325456613298331654
1325470935562940416
1325499610580869132
1325614087255040000
1325779332544008196
1325779421551349760
1325844351042408453
1325851413633789954
1325858615987589123
1325858656634728451
1325861452520054784
1325873229563637761
1325916730292645890
1326194828321943552
1326201889629859840
1326238266354491393
1326268527821660163
1326288815682621441
1326296228100009984
1326310705558118400
1326497120107552768
1326510035413950464
1326510056641277952
1326541190557134854
1326571028626239488
1326585856858202115
1326586007861518337
1326615298011766784
1326630253381492741
1326652903826853891
